ABELL2744            00 14 18.9 -30 23 22
MACSJ0018.5+1626     00 18 33.8 +16 26 17
MACSJ0025.4-1222     00 25 29.4 -12 22 37
ZwCl0024.0+1652      00 26 35.7 +17 09 46
ABELL0068            00 37 05.3 +09 09 11
ABELL2813            00 43 24.4 -20 37 17
ACT-CLJ0102-4915     01 02 53.0 -49 15 19
ABELL2895            01 18 11.1 -26 58 12
RXJ0152.7-1357       01 52 41.0 -13 57 45
ABELL0267            01 52 52.2 +01 02 46
RCS0224-0002         02 24 00.0 -00 02 00
ABELL0368            02 37 27.8 -26 30 29
ABELL0370            02 39 50.5 -01 35 08
ABELL0383            02 48 02.0 -03 32 15
MACSJ0257.1-2325     02 57 09.2 -23 26 06
ABELL3084            03 04 07.2 -36 56 36
MACSJ0329.6-0211     03 29 41.7 -02 11 48
MACSJ0416.1-2403     04 16 09.4 -24 04 04
MACSJ0451+0006       04 51 57.3 +00 06 21
ABELL0521            04 54 09.1 -10 14 19
MS0451.6-0305        04 54 11.1 -03 00 54
RXJ0603.3+4214       06 03 20.0 +42 14 00
MACSJ0647.7+7015     06 47 50.5 +70 14 55
1E0657-558           06 58 37.9 -55 57 00
MACSJ0712+5932       07 12 17.5 +59 32 15
MACSJ0717.5+3745     07 17 30.9 +37 45 30
MACSJ0744.8+3927     07 44 52.5 +39 27 27
ABELL0611            08 00 58.9 +36 02 50
SDSSJ0851+3331       08 51 38.9 +33 31 06
MACSJ0911.2+1746     09 11 11.3 +17 46 32
SDSSJ0915+3826       09 15 39.0 +38 26 59
ABELL0773            09 17 59.4 +51 42 23
ABRLL0868            09 45 24.4 -08 39 15
ZwCl0949.6+5207      09 52 49.2 +51 53 05
SDSSJ0957+0509       09 57 39.2 +05 09 32
SDSSJ1004+4112       10 04 34.2 +41 12 44
XMMUJ100750.5+125818 10 07 50.5 +12 58 18
ABELL0963            10 17 13.9 +39 01 31
SDSSJ1028+1324       10 28 04.1 +13 23 52
SDSSJ1029+2623       10 29 12.5 +26 23 32
SDSSJ1038+4849       10 38 42.9 +48 49 19
RCS2J1055+5548       10 55 04.9 +55 48 23
ABELL1201            11 12 54.9 +13 26 41
SDSSJ1115+5319       11 15 14.9 +53 19 55
SDSSJ1138+2754       11 38 08.9 +27 54 31
MACSJ1149.5+2223     11 49 35.1 +22 24 11
SDSSJ1152+3313       11 52 00.2 +33 13 42
SDSSJ1152+0930       11 52 47.4 +09 30 15
ABELL1413            11 55 18.9 +23 24 31
MACSJ1206.2-0847     12 06 12.3 -08 48 02
SDSSJ1209+2640       12 09 23.7 +26 40 47
SDSSJ1209+2640       12 09 23.7 +26 40 47
SDSSJ1226+2149       12 26 51.1 +21 49 52
SDSSJ1226+2152       12 26 51.7 +21 52 25
MACSJ1311.0-0310     13 11 01.7 -03 10 40
ABELL1689            13 11 29.5 -01 20 17
ABELL1703            13 15 06.6 +51 49 29
ABELL1722            13 20 08.4 +70 04 37
GHO132029+315500     13 22 48.8 +31 39 18
ABELL1733            13 27 03.7 +02 12 15
SDSSJ1343+4155       13 43 32.9 +41 55 03
RXJ1347.5-1145       13 47 30.6 -11 45 10
ZwCl1358.1+6245      13 59 53.1 +62 31 16
ABELL1835            14 01 02.3 +02 52 48
SDSSJ1420+3955       14 20 40.3 +39 55 10
MACSJ1423.8+2404     14 23 47.7 +24 04 40
SDSSJ1446+3033       14 46 34.0 +30 32 58
SDSSJ1456+5702       14 56 00.8 +57 02 20
MS1512.4+3647        15 14 25.1 +36 36 30
SDSSJ1527+0652       15 27 45.8 +06 52 34
SDSSJ1531+3414       15 31 10.6 +34 14 25
SDSSJ1531+3414       15 31 10.6 +34 14 25
ABELL2124            15 45 00.0 +36 03 58
ABELL2146            15 56 08.9 +66 21 21
ABELL2142            15 58 20.6 +27 13 37
SDSSJ1621+0607       16 21 32.4 +06 07 19
ABELL2204            16 32 46.5 +05 34 14
ABELL2218            16 35 52.4 +66 12 52
ABELL2219            16 40 21.4 +46 42 21
RXJ1720.1+2638       17 20 08.9 +26 38 06
SMACSJ2031.8-4036    20 31 47.8 -40 36 55
MS2053.7-0449        20 56 21.8 -04 37 51
SDSSJ2111-1114       21 11 19.3 -01 14 24
MACSJ2129.4-0741     21 29 26.2 -07 41 26
RXJ2129.6+0005       21 29 37.9 +00 05 39
MACSJ2135.2-0102     21 35 00.0 -01 02 17
MS2137.3-2353        21 40 15.2 -23 39 40
ABELL2390            21 53 35.5 +17 41 12
ABELL3827            22 01 56.0 -59 56 58
MACSJ2214.9-1359     22 14 57.4 -14 00 11
SDSSJ2222+2745       22 22 08.6 +27 45 36
SDSSJ2238+1319       22 38 31.3 +13 19 56
CL2236-04            22 39 32.8 -04 29 32
SDSSJ2243-0935       22 43 19.8 -09 35 31
Cl2244-02            22 47 11.7 -02 05 40
ABELLS1063           22 48 43.5 -44 31 44
ABELLS1077           22 58 52.3 -34 46 55
ABELL2537            23 08 22.2 -02 11 32
ABELL2667            23 51 40.7 -26 05 01
