ABELL2744            00 14 18.9  -30 23 22  0.308 37
MACSJ0018.5+1626     00 18 33.8  +16 26 17  0.547 24
MACSJ0025.4-1222     00 25 29.4  -12 22 37  0.586 17
ZwCl0024.0+1652      00 26 35.7  +17 09 46  0.390 35
MACSJ0032.1+1808     00 32  9.7  +18 08  8  0.377 45
ABELL0068            00 37  5.3  +09 09 11  0.255 18
ABELL2813            00 43 24.4  -20 37 17  0.292 44
ACT-CLJ0102-4915     01 02 53.0  -49 15 19  0.870 16
ABELL2895            01 18 11.1  -26 58 12  0.228 14
MACSJ0140.0-0555     01 40  1.8  -05 55 13  0.451 25
MACSJ0152.5-2852     01 52 35.5  -28 52 47  0.412 37
RXJ0152.7-1357       01 52 41.0  -13 57 45  0.833 11
ABELL0267            01 52 52.2  +01 02 46  0.230 20
MACSJ0159.0-3412     01 59  4.8  -34 12 50  0.407 12
RCS0224-0002         02 24  0.0  -00 02  0  0.771  3
ABELL0368            02 37 27.8  -26 30 29  0.222 15
ABELL0370            02 39 50.5  -01 35  8  0.375 45
ABELL0383            02 48  2.0  -03 32 15  0.188  7
MACSJ0257.1-2325     02 57  9.2  -23 26  6  0.505 16  
MACSJ0257.6-2209     02 57 42.0  -22 09  1  0.322 19
ABELL3084            03 04  7.2  -36 56 36  0.219 15
SMACSJ0304.3-4401    03 04 21.0  -44 01 48  0.460 11
MACSJ0329.6-0211     03 29 41.7  -02 11 48  0.450 37
MACSJ0358.8-2955     03 58 52.2  -29 56  4  0.425 46
SMACSJ0359.1-7205    03 59 13.2  -72 05  4  0.310 16
MACSJ0416.1-2403     04 16  9.4  -24 04  4  0.397 32
MACSJ0417.5-1154     04 17 33.7  -11 54 12  0.443 34
MACSJ0429.6-0253     04 29 36.0  -02 53 1.5 0.397 19
MACSJ0451+0006       04 51 57.3  +00 06 21  0.429 32
ABELL0521            04 54  9.1  -10 14 19  0.248 11
MS0451.6-0305        04 54 11.1  -03 00 54  0.539 28
MACSJ0520.7-1328     05 20 42.4  -13 28 55  0.336 29
SMACSJ0549.3-6205    05 49 19.9  -62 05 13  0.375 14
MACSJ0553.4-3342     05 53 26.7  -33 42 37  0.430 38
RXJ0603.3+4214       06 03 20.0  +42 14  0  0.228 N/A
MACSJ0647.7+7015     06 47 50.5  +70 14 55  0.591 25
1E0657-558           06 58 37.9  -55 57  0  0.296 23
MACSJ0712+5932       07 12 17.5  +59 32 15  0.328 8
MACSJ0717.5+3745     07 17 30.9  +37 45 30  0.545 50
MACSJ0744.8+3927     07 44 52.5  +39 27 27  0.686 26
ABELL0611            08 00 58.9  +36 02 50  0.285 16
MACSJ0845.4+0327     08 45 27.8  +03 27 40  0.329 15
SDSSJ0851+3331       08 51 38.9  +33 31  6  0.371 N/A
MACSJ0911.2+1746     09 11 11.3  +17 46 32  0.506 23
SDSSJ0915+3826       09 15 39.0  +38 26 59  0.397 N/A
MACSJ0916.1-0023     09 16 17.6  -00 24  5  0.320 8
ABELL0773            09 17 59.4  +51 42 23  0.217 38
ABELL0868            09 45 24.4  -08 39 15  0.154 17
MACSJ0947.2+7623     09 47 13.2  +76 23 17  0.354 29
ZwCl0949.6+5207      09 52 49.2  +51 53  5  0.214 13
SDSSJ0957+0509       09 57 39.2  +05 09 32  0.448 N/A
SDSSJ1004+4112       10 04 34.2  +41 12 44  0.680 N/A
XMMUJ100750.5+125818 10 07 50.5  +12 58 18  1.082 N/A
ABELL0963            10 17 13.9  +39 01 31  0.205 15
SDSSJ1028+1324       10 28  4.1  +13 23 52  0.415 N/A
SDSSJ1029+2623       10 29 12.5  +26 23 32  0.584 N/A
SDSSJ1038+4849       10 38 42.9  +48 49 19  0.430 N/A
RCS2J1055+5548       10 55  4.9  +55 48 23  0.466 N/A
ABELL1201            11 12 54.9  +13 26 41  0.169 5
SDSSJ1115+5319       11 15 14.9  +53 19 55  0.466 N/A
MACSJ1115.8+0129     11 15 53.3  +01 29 47  0.354 53
MACSJ1133.2+5008     11 33 13.3  +50 08 37  0.389  12
SDSSJ1138+2754       11 38  8.9  +27 54 31  0.451  N/A
MACSJ1142.4+5831     11 42 24.6  +58 31 51  0.326 49
MACSJ1149.5+2223     11 49 35.1  +22 24 11  0.544  11
SDSSJ1152+3313       11 52  0.2  +33 13 42  0.362  N/A
SDSSJ1152+0930       11 52 47.4  +09 30 15  0.517  N/A
ABELL1413            11 55 18.9  +23 24 31  0.143  29
MACSJ1206.2-0847     12 06 12.3  -08 48  2  0.439  34
SDSSJ1209+2640       12 09 23.7  +26 40 47  0.561  N/A
SDSSJ1226+2149       12 26 51.1  +21 49 52  0.435  N/A
SDSSJ1226+2152       12 26 51.7  +21 52 25  0.435  N/A
MACSJ1311.0-0310     13 11  1.7  -03 10 40  0.490  40
ABELL1689            13 11 29.5  -01 20 17  0.183  63
ABELL1703            13 15  6.6  +51 49 29  0.280  32
MACSJ1319.9+7003     13 19 59.6  +70 03 34  0.327  22
ABELL1722            13 20  8.4  +70 04 37  0.330  N/A
GHO132029+315500     13 22 48.8  +31 39 18  0.308  N/A
ABELL1733            13 27  3.7  +02 12 15  0.259  N/A
SDSSJ1343+4155       13 43 32.9  +41 55  3  0.418  N/A
RXJ1347.5-1145       13 47 30.6  -11 45 10  0.451  38
MACSJ1354.6+7715     13 54 41.3  +77 15  5  0.397  21
ZwCl1358.1+6245      13 59 53.1  +62 31 16  0.328  17
ABELL1835            14 01  2.3  +02 52 48  0.253  39
SDSSJ1420+3955       14 20 40.3  +39 55 10  0.607  N/A
MACSJ1423.8+2404     14 23 47.7  +24 04 40  0.539  20
SDSSJ1446+3033       14 46 34.0  +30 32 58  0.464  N/A
MACSJ1452.9+5802     14 52 55.5  +58 02 51  0.324  28
SDSSJ1456+5702       14 56  0.8  +57 02 20  0.484  N/A
MS1512.4+3647        15 14 25.1  +36 36 30  0.372  N/A
SDSSJ1527+0652       15 27 45.8  +06 52 34  0.392  N/A
SDSSJ1531+3414       15 31 10.6  +34 14 25  0.335  N/A
MACSJ1532.8+3021     15 32 53.7  +30 21  3  0.345  21
ABELL2124            15 45  0.0  +36 03 58  0.0656 N/A
ABELL2146            15 56  8.9  +66 21 21  0.234  N/A
ABELL2142            15 58 20.6  +27 13 37  0.0909 N/A
MACSJ1621.3+3810     16 21 24.0  +38 10  2  0.465  16
SDSSJ1621+0607       16 21 32.4  +06 07 19  0.342  N/A
ABELL2204            16 32 46.5  +05 34 14  0.152  26
ABELL2218            16 35 52.4  +66 12 52  0.171  22
ABELL2219            16 40 21.4  +46 42 21  0.228  22
MACSJ1652.3+5534     16 52 21.2  +55 34 59  0.324  18
RXJ1720.1+2638       17 20  8.9  +26 38  6  0.164  13
MACSJ1731.6+2252     17 31 40.1  +22 52 39  0.389  35
MACSJ1738.1+6006     17 38  7.0  +60 06 12  0.329  15
MACSJ1752.0+4440     17 52  1.5  +44 40 46  0.364  11
MACSJ1931.8-2634     19 31 50.1  -26 34 36  0.352  25
SMACSJ2031.8-4036    20 31 47.8  -40 36 55  0.342  24
MACSJ2050.7+0123     20 50 43.1  +01 23 46  0.333  21
MACSJ2051.1+0215     20 51  8.0  +02 15 55  0.321  22
MS2053.7-0449        20 56 21.8  -04 37 51  0.583  14
SDSSJ2111-1114       21 11 19.3  -01 14 24  0.638  N/A
MACSJ2129.4-0741     21 29 26.2  -07 41 26  0.583  15
RXJ2129.6+0005       21 29 37.9  +00 05 39  0.235  17
SMACSJ2131.1-4019    21 31  4.9  -40 19 21  0.421  24
MACSJ2135.2-0102     21 35  0.0  -01 02 17  0.325  38
MS2137.3-2353        21 40 15.2  -23 39 40  0.313  16
ABELL2390            21 53 35.5  +17 41 12  0.233  21
ABELL3827            22 01 56.0  -59 56 58  0.0984 10
MACSJ2214.9-1359     22 14 57.4  -14 00 11  0.501  25
SDSSJ2222+2745       22 22  8.6  +27 45 36  0.485  N/A
SDSSJ2238+1319       22 38 31.3  +13 19 56  0.411  N/A
CL2236-04            22 39 32.8  -04 29 32  0.560  N/A
SDSSJ2243-0935       22 43 19.8  -09 35 31  0.447  N/A
Cl2244-02            22 47 11.7  -02 05 40  0.330  11
ABELLS1063           22 48 43.5  -44 31 44  0.348  39
ABELLS1077           22 58 52.3  -34 46 55  0.312  31  
ABELL2537            23 08 22.2  -02 11 32  0.297  34
ABELL2667            23 51 40.7  -26 05  1  0.226  11
